[gd_resource type="Resource" script_class="Garment" load_steps=5 format=3 uid="uid://c66vjkq3i56sm"]

[ext_resource type="Material" uid="uid://c0m7fwcm5dywh" path="res://art/Character/clothing/simple_metal.tres" id="1_5javx"]
[ext_resource type="Script" path="res://Dress Up/Resource Definitions/Garment.gd" id="1_o1j52"]

[sub_resource type="ArrayMesh" id="ArrayMesh_e524d"]
resource_name = "waders_of_wading_Cylinder_001"
_surfaces = [{
"aabb": AABB(-0.258559, 0.124613, -0.117569, 0.517119, 0.342041, 0.220321),
"attribute_data": PackedByteArray(0, 0, 0, 51, 0, 0, 0, 63, 0, 0, 128, 63, 0, 0, 0, 63, 0, 0, 0, 51, 0, 0, 0, 63, 0, 0, 128, 63, 0, 0, 0, 63, 0, 0, 0, 51, 0, 0, 0, 0, 0, 0, 128, 63, 0, 0, 0, 0, 0, 0, 0, 51, 0, 0, 0, 0, 0, 0, 128, 63, 0, 0, 0, 0, 205, 204, 76, 63, 0, 0, 0, 63, 205, 204, 76, 63, 0, 0, 0, 63, 205, 204, 76, 63, 0, 0, 0, 0, 205, 204, 76, 63, 0, 0, 0, 0, 106, 183, 30, 63, 202, 115, 216, 62, 106, 183, 30, 63, 202, 115, 216, 62, 154, 153, 25, 63, 0, 0, 0, 0, 154, 153, 25, 63, 0, 0, 0, 0, 206, 204, 204, 62, 0, 0, 0, 63, 206, 204, 204, 62, 0, 0, 0, 63, 206, 204, 204, 62, 0, 0, 0, 0, 206, 204, 204, 62, 0, 0, 0, 0, 207, 204, 76, 62, 0, 0, 0, 63, 207, 204, 76, 62, 0, 0, 0, 63, 207, 204, 76, 62, 0, 0, 0, 0, 207, 204, 76, 62, 0, 0, 0, 0, 0, 0, 0, 51, 0, 0, 0, 0, 207, 204, 76, 62, 0, 0, 0, 0, 206, 204, 204, 62, 0, 0, 0, 0, 154, 153, 25, 63, 0, 0, 0, 0, 205, 204, 76, 63, 0, 0, 0, 0, 207, 204, 76, 62, 0, 0, 0, 63, 206, 204, 204, 62, 0, 0, 0, 63, 154, 153, 25, 63, 0, 0, 0, 63, 205, 204, 76, 63, 0, 0, 0, 63, 0, 0, 128, 63, 0, 0, 0, 63, 208, 204, 76, 62, 176, 85, 49, 62, 206, 204, 204, 62, 192, 85, 49, 62, 154, 153, 25, 63, 172, 85, 49, 62, 206, 204, 76, 63, 180, 85, 49, 62, 0, 0, 0, 51, 192, 85, 49, 62, 0, 0, 128, 63, 180, 85, 49, 62, 0, 0, 0, 51, 0, 0, 0, 63, 0, 0, 128, 63, 0, 0, 0, 63, 0, 0, 0, 51, 0, 0, 0, 63, 0, 0, 128, 63, 0, 0, 0, 63, 0, 0, 0, 51, 0, 0, 0, 0, 0, 0, 128, 63, 0, 0, 0, 0, 0, 0, 0, 51, 0, 0, 0, 0, 0, 0, 128, 63, 0, 0, 0, 0, 205, 204, 76, 63, 0, 0, 0, 63, 205, 204, 76, 63, 0, 0, 0, 63, 205, 204, 76, 63, 0, 0, 0, 0, 205, 204, 76, 63, 0, 0, 0, 0, 106, 183, 30, 63, 202, 115, 216, 62, 106, 183, 30, 63, 202, 115, 216, 62, 154, 153, 25, 63, 0, 0, 0, 0, 154, 153, 25, 63, 0, 0, 0, 0, 206, 204, 204, 62, 0, 0, 0, 63, 206, 204, 204, 62, 0, 0, 0, 63, 206, 204, 204, 62, 0, 0, 0, 0, 206, 204, 204, 62, 0, 0, 0, 0, 207, 204, 76, 62, 0, 0, 0, 63, 207, 204, 76, 62, 0, 0, 0, 63, 207, 204, 76, 62, 0, 0, 0, 0, 207, 204, 76, 62, 0, 0, 0, 0, 207, 204, 76, 62, 0, 0, 0, 63, 206, 204, 204, 62, 0, 0, 0, 63, 154, 153, 25, 63, 0, 0, 0, 63, 205, 204, 76, 63, 0, 0, 0, 63, 0, 0, 128, 63, 0, 0, 0, 63, 0, 0, 0, 51, 0, 0, 0, 0, 207, 204, 76, 62, 0, 0, 0, 0, 206, 204, 204, 62, 0, 0, 0, 0, 154, 153, 25, 63, 0, 0, 0, 0, 205, 204, 76, 63, 0, 0, 0, 0, 208, 204, 76, 62, 176, 85, 49, 62, 206, 204, 204, 62, 192, 85, 49, 62, 154, 153, 25, 63, 172, 85, 49, 62, 206, 204, 76, 63, 180, 85, 49, 62, 0, 0, 0, 51, 192, 85, 49, 62, 0, 0, 128, 63, 180, 85, 49, 62, 0, 0, 128, 63, 0, 0, 0, 63, 0, 0, 128, 63, 0, 0, 0, 63, 205, 204, 76, 63, 0, 0, 0, 63, 205, 204, 76, 63, 0, 0, 0, 0, 205, 204, 76, 63, 0, 0, 0, 0, 106, 183, 30, 63, 202, 115, 216, 62, 106, 183, 30, 63, 202, 115, 216, 62, 154, 153, 25, 63, 0, 0, 0, 0, 154, 153, 25, 63, 0, 0, 0, 0, 206, 204, 204, 62, 0, 0, 0, 63, 206, 204, 204, 62, 0, 0, 0, 0, 206, 204, 204, 62, 0, 0, 0, 0, 207, 204, 76, 62, 0, 0, 0, 0, 0, 0, 0, 51, 192, 85, 49, 62, 0, 0, 128, 63, 0, 0, 0, 63, 205, 204, 76, 63, 0, 0, 0, 63, 205, 204, 76, 63, 0, 0, 0, 63, 205, 204, 76, 63, 0, 0, 0, 0, 205, 204, 76, 63, 0, 0, 0, 0, 106, 183, 30, 63, 202, 115, 216, 62, 154, 153, 25, 63, 0, 0, 0, 0, 206, 204, 204, 62, 0, 0, 0, 63, 206, 204, 204, 62, 0, 0, 0, 63, 206, 204, 204, 62, 0, 0, 0, 0, 206, 204, 204, 62, 0, 0, 0, 0, 207, 204, 76, 62, 0, 0, 0, 0, 207, 204, 76, 62, 0, 0, 0, 0, 0, 0, 0, 51, 192, 85, 49, 62, 0, 0, 0, 51, 192, 85, 49, 62, 0, 0, 128, 63, 180, 85, 49, 62),
"bone_aabbs": [AABB(0, 0, 0, -1, -1, -1), AABB(0, 0, 0, -1, -1, -1), AABB(0, 0, 0, -1, -1, -1), AABB(0, 0, 0, -1, -1, -1), AABB(0, 0, 0, -1, -1, -1), AABB(0, 0, 0, -1, -1, -1), AABB(0, 0, 0, -1, -1, -1), AABB(0, 0, 0, -1, -1, -1), AABB(0, 0, 0, -1, -1, -1), AABB(0, 0, 0, -1, -1, -1), AABB(0, 0, 0, -1, -1, -1), AABB(0, 0, 0, -1, -1, -1), AABB(0, 0, 0, -1, -1, -1), AABB(0, 0, 0, -1, -1, -1), AABB(0, 0, 0, -1, -1, -1), AABB(0, 0, 0, -1, -1, -1), AABB(0, 0, 0, -1, -1, -1), AABB(0, 0, 0, -1, -1, -1), AABB(0, 0, 0, -1, -1, -1), AABB(0, 0, 0, -1, -1, -1), AABB(0, 0, 0, -1, -1, -1), AABB(0, 0, 0, -1, -1, -1), AABB(0, 0, 0, -1, -1, -1), AABB(0, 0, 0, -1, -1, -1), AABB(0, 0, 0, -1, -1, -1), AABB(0, 0, 0, -1, -1, -1), AABB(0, 0, 0, -1, -1, -1), AABB(0, 0, 0, -1, -1, -1), AABB(0, 0, 0, -1, -1, -1), AABB(0, 0, 0, -1, -1, -1), AABB(0, 0, 0, -1, -1, -1), AABB(0, 0, 0, -1, -1, -1), AABB(0, 0, 0, -1, -1, -1), AABB(0, 0, 0, -1, -1, -1), AABB(0, 0, 0, -1, -1, -1), AABB(0, 0, 0, -1, -1, -1), AABB(0, 0, 0, -1, -1, -1), AABB(0, 0, 0, -1, -1, -1), AABB(0, 0, 0, -1, -1, -1), AABB(0, 0, 0, -1, -1, -1), AABB(0, 0, 0, -1, -1, -1), AABB(0, 0, 0, -1, -1, -1), AABB(0, 0, 0, -1, -1, -1), AABB(0, 0, 0, -1, -1, -1), AABB(0, 0, 0, -1, -1, -1), AABB(0, 0, 0, -1, -1, -1), AABB(0, 0, 0, -1, -1, -1), AABB(0, 0, 0, -1, -1, -1), AABB(0, 0, 0, -1, -1, -1), AABB(0, 0, 0, -1, -1, -1), AABB(0, 0, 0, -1, -1, -1), AABB(0, 0, 0, -1, -1, -1), AABB(0, 0, 0, -1, -1, -1), AABB(0, 0, 0, -1, -1, -1), AABB(-0.258559, 0.124613, -0.117569, 0.202089, 0.342041, 0.220321), AABB(0, 0, 0, -1, -1, -1), AABB(0, 0, 0, -1, -1, -1), AABB(0, 0, 0, -1, -1, -1), AABB(0.0564702, 0.124613, -0.117569, 0.202089, 0.342041, 0.220321)],
"format": 34359745559,
"index_count": 180,
"index_data": PackedByteArray(39, 0, 11, 0, 37, 0, 39, 0, 5, 0, 11, 0, 37, 0, 15, 0, 36, 0, 37, 0, 11, 0, 15, 0, 36, 0, 18, 0, 35, 0, 36, 0, 15, 0, 18, 0, 10, 0, 7, 0, 28, 0, 35, 0, 22, 0, 34, 0, 35, 0, 18, 0, 22, 0, 34, 0, 4, 0, 38, 0, 34, 0, 22, 0, 4, 0, 23, 0, 19, 0, 25, 0, 19, 0, 14, 0, 26, 0, 14, 0, 10, 0, 27, 0, 21, 0, 2, 0, 29, 0, 17, 0, 21, 0, 30, 0, 3, 0, 8, 0, 33, 0, 12, 0, 17, 0, 31, 0, 6, 0, 23, 0, 24, 0, 8, 0, 12, 0, 32, 0, 20, 0, 38, 0, 0, 0, 20, 0, 34, 0, 38, 0, 16, 0, 34, 0, 20, 0, 16, 0, 35, 0, 34, 0, 13, 0, 35, 0, 16, 0, 13, 0, 36, 0, 35, 0, 9, 0, 36, 0, 13, 0, 9, 0, 37, 0, 36, 0, 1, 0, 37, 0, 9, 0, 1, 0, 39, 0, 37, 0, 79, 0, 50, 0, 47, 0, 79, 0, 77, 0, 50, 0, 77, 0, 54, 0, 50, 0, 77, 0, 76, 0, 54, 0, 76, 0, 59, 0, 54, 0, 76, 0, 75, 0, 59, 0, 51, 0, 73, 0, 45, 0, 75, 0, 63, 0, 59, 0, 75, 0, 74, 0, 63, 0, 74, 0, 46, 0, 63, 0, 74, 0, 78, 0, 46, 0, 62, 0, 70, 0, 58, 0, 58, 0, 71, 0, 55, 0, 55, 0, 72, 0, 51, 0, 60, 0, 64, 0, 40, 0, 56, 0, 65, 0, 60, 0, 41, 0, 68, 0, 49, 0, 53, 0, 66, 0, 56, 0, 44, 0, 69, 0, 62, 0, 49, 0, 67, 0, 53, 0, 61, 0, 78, 0, 74, 0, 61, 0, 42, 0, 78, 0, 57, 0, 74, 0, 75, 0, 57, 0, 61, 0, 74, 0, 52, 0, 75, 0, 76, 0, 52, 0, 57, 0, 75, 0, 48, 0, 76, 0, 77, 0, 48, 0, 52, 0, 76, 0, 43, 0, 77, 0, 79, 0, 43, 0, 48, 0, 77, 0),
"lods": [0.0187563, PackedByteArray(39, 0, 5, 0, 11, 0, 81, 0, 39, 0, 84, 0, 10, 0, 7, 0, 28, 0, 14, 0, 10, 0, 27, 0, 19, 0, 14, 0, 26, 0, 23, 0, 19, 0, 25, 0, 6, 0, 23, 0, 24, 0, 22, 0, 4, 0, 38, 0, 20, 0, 38, 0, 0, 0, 16, 0, 22, 0, 20, 0, 20, 0, 22, 0, 93, 0, 21, 0, 2, 0, 29, 0, 17, 0, 21, 0, 30, 0, 12, 0, 17, 0, 31, 0, 8, 0, 12, 0, 32, 0, 3, 0, 8, 0, 33, 0, 89, 0, 90, 0, 92, 0, 85, 0, 90, 0, 89, 0, 86, 0, 87, 0, 91, 0, 9, 0, 87, 0, 86, 0, 82, 0, 83, 0, 88, 0, 80, 0, 83, 0, 82, 0, 109, 0, 50, 0, 47, 0, 94, 0, 98, 0, 109, 0, 51, 0, 73, 0, 45, 0, 55, 0, 72, 0, 51, 0, 58, 0, 71, 0, 55, 0, 62, 0, 70, 0, 58, 0, 44, 0, 69, 0, 62, 0, 63, 0, 107, 0, 46, 0, 61, 0, 42, 0, 107, 0, 61, 0, 108, 0, 105, 0, 102, 0, 61, 0, 105, 0, 60, 0, 64, 0, 40, 0, 56, 0, 65, 0, 60, 0, 53, 0, 66, 0, 56, 0, 49, 0, 67, 0, 53, 0, 41, 0, 68, 0, 49, 0, 101, 0, 106, 0, 103, 0, 99, 0, 101, 0, 103, 0, 52, 0, 104, 0, 54, 0, 96, 0, 52, 0, 54, 0, 95, 0, 100, 0, 97, 0, 43, 0, 48, 0, 97, 0)],
"material": ExtResource("1_5javx"),
"primitive": 3,
"skin_data": PackedByteArray(58, 0, 0, 0, 0, 0, 0, 0, 255, 255, 0, 0, 0, 0, 0, 0, 58, 0, 0, 0, 0, 0, 0, 0, 255, 255, 0, 0, 0, 0, 0, 0, 58, 0, 0, 0, 0, 0, 0, 0, 255, 255, 0, 0, 0, 0, 0, 0, 58, 0, 0, 0, 0, 0, 0, 0, 255, 255, 0, 0, 0, 0, 0, 0, 58, 0, 0, 0, 0, 0, 0, 0, 255, 255, 0, 0, 0, 0, 0, 0, 58, 0, 0, 0, 0, 0, 0, 0, 255, 255, 0, 0, 0, 0, 0, 0, 58, 0, 0, 0, 0, 0, 0, 0, 255, 255, 0, 0, 0, 0, 0, 0, 58, 0, 0, 0, 0, 0, 0, 0, 255, 255, 0, 0, 0, 0, 0, 0, 58, 0, 0, 0, 0, 0, 0, 0, 255, 255, 0, 0, 0, 0, 0, 0, 58, 0, 0, 0, 0, 0, 0, 0, 255, 255, 0, 0, 0, 0, 0, 0, 58, 0, 0, 0, 0, 0, 0, 0, 255, 255, 0, 0, 0, 0, 0, 0, 58, 0, 0, 0, 0, 0, 0, 0, 255, 255, 0, 0, 0, 0, 0, 0, 58, 0, 0, 0, 0, 0, 0, 0, 255, 255, 0, 0, 0, 0, 0, 0, 58, 0, 0, 0, 0, 0, 0, 0, 255, 255, 0, 0, 0, 0, 0, 0, 58, 0, 0, 0, 0, 0, 0, 0, 255, 255, 0, 0, 0, 0, 0, 0, 58, 0, 0, 0, 0, 0, 0, 0, 255, 255, 0, 0, 0, 0, 0, 0, 58, 0, 0, 0, 0, 0, 0, 0, 255, 255, 0, 0, 0, 0, 0, 0, 58, 0, 0, 0, 0, 0, 0, 0, 255, 255, 0, 0, 0, 0, 0, 0, 58, 0, 0, 0, 0, 0, 0, 0, 255, 255, 0, 0, 0, 0, 0, 0, 58, 0, 0, 0, 0, 0, 0, 0, 255, 255, 0, 0, 0, 0, 0, 0, 58, 0, 0, 0, 0, 0, 0, 0, 255, 255, 0, 0, 0, 0, 0, 0, 58, 0, 0, 0, 0, 0, 0, 0, 255, 255, 0, 0, 0, 0, 0, 0, 58, 0, 0, 0, 0, 0, 0, 0, 255, 255, 0, 0, 0, 0, 0, 0, 58, 0, 0, 0, 0, 0, 0, 0, 255, 255, 0, 0, 0, 0, 0, 0, 58, 0, 0, 0, 0, 0, 0, 0, 255, 255, 0, 0, 0, 0, 0, 0, 58, 0, 0, 0, 0, 0, 0, 0, 255, 255, 0, 0, 0, 0, 0, 0, 58, 0, 0, 0, 0, 0, 0, 0, 255, 255, 0, 0, 0, 0, 0, 0, 58, 0, 0, 0, 0, 0, 0, 0, 255, 255, 0, 0, 0, 0, 0, 0, 58, 0, 0, 0, 0, 0, 0, 0, 255, 255, 0, 0, 0, 0, 0, 0, 58, 0, 0, 0, 0, 0, 0, 0, 255, 255, 0, 0, 0, 0, 0, 0, 58, 0, 0, 0, 0, 0, 0, 0, 255, 255, 0, 0, 0, 0, 0, 0, 58, 0, 0, 0, 0, 0, 0, 0, 255, 255, 0, 0, 0, 0, 0, 0, 58, 0, 0, 0, 0, 0, 0, 0, 255, 255, 0, 0, 0, 0, 0, 0, 58, 0, 0, 0, 0, 0, 0, 0, 255, 255, 0, 0, 0, 0, 0, 0, 58, 0, 0, 0, 0, 0, 0, 0, 255, 255, 0, 0, 0, 0, 0, 0, 58, 0, 0, 0, 0, 0, 0, 0, 255, 255, 0, 0, 0, 0, 0, 0, 58, 0, 0, 0, 0, 0, 0, 0, 255, 255, 0, 0, 0, 0, 0, 0, 58, 0, 0, 0, 0, 0, 0, 0, 255, 255, 0, 0, 0, 0, 0, 0, 58, 0, 0, 0, 0, 0, 0, 0, 255, 255, 0, 0, 0, 0, 0, 0, 58, 0, 0, 0, 0, 0, 0, 0, 255, 255, 0, 0, 0, 0, 0, 0, 54, 0, 0, 0, 0, 0, 0, 0, 255, 255, 0, 0, 0, 0, 0, 0, 54, 0, 0, 0, 0, 0, 0, 0, 255, 255, 0, 0, 0, 0, 0, 0, 54, 0, 0, 0, 0, 0, 0, 0, 255, 255, 0, 0, 0, 0, 0, 0, 54, 0, 0, 0, 0, 0, 0, 0, 255, 255, 0, 0, 0, 0, 0, 0, 54, 0, 0, 0, 0, 0, 0, 0, 255, 255, 0, 0, 0, 0, 0, 0, 54, 0, 0, 0, 0, 0, 0, 0, 255, 255, 0, 0, 0, 0, 0, 0, 54, 0, 0, 0, 0, 0, 0, 0, 255, 255, 0, 0, 0, 0, 0, 0, 54, 0, 0, 0, 0, 0, 0, 0, 255, 255, 0, 0, 0, 0, 0, 0, 54, 0, 0, 0, 0, 0, 0, 0, 255, 255, 0, 0, 0, 0, 0, 0, 54, 0, 0, 0, 0, 0, 0, 0, 255, 255, 0, 0, 0, 0, 0, 0, 54, 0, 0, 0, 0, 0, 0, 0, 255, 255, 0, 0, 0, 0, 0, 0, 54, 0, 0, 0, 0, 0, 0, 0, 255, 255, 0, 0, 0, 0, 0, 0, 54, 0, 0, 0, 0, 0, 0, 0, 255, 255, 0, 0, 0, 0, 0, 0, 54, 0, 0, 0, 0, 0, 0, 0, 255, 255, 0, 0, 0, 0, 0, 0, 54, 0, 0, 0, 0, 0, 0, 0, 255, 255, 0, 0, 0, 0, 0, 0, 54, 0, 0, 0, 0, 0, 0, 0, 255, 255, 0, 0, 0, 0, 0, 0, 54, 0, 0, 0, 0, 0, 0, 0, 255, 255, 0, 0, 0, 0, 0, 0, 54, 0, 0, 0, 0, 0, 0, 0, 255, 255, 0, 0, 0, 0, 0, 0, 54, 0, 0, 0, 0, 0, 0, 0, 255, 255, 0, 0, 0, 0, 0, 0, 54, 0, 0, 0, 0, 0, 0, 0, 255, 255, 0, 0, 0, 0, 0, 0, 54, 0, 0, 0, 0, 0, 0, 0, 255, 255, 0, 0, 0, 0, 0, 0, 54, 0, 0, 0, 0, 0, 0, 0, 255, 255, 0, 0, 0, 0, 0, 0, 54, 0, 0, 0, 0, 0, 0, 0, 255, 255, 0, 0, 0, 0, 0, 0, 54, 0, 0, 0, 0, 0, 0, 0, 255, 255, 0, 0, 0, 0, 0, 0, 54, 0, 0, 0, 0, 0, 0, 0, 255, 255, 0, 0, 0, 0, 0, 0, 54, 0, 0, 0, 0, 0, 0, 0, 255, 255, 0, 0, 0, 0, 0, 0, 54, 0, 0, 0, 0, 0, 0, 0, 255, 255, 0, 0, 0, 0, 0, 0, 54, 0, 0, 0, 0, 0, 0, 0, 255, 255, 0, 0, 0, 0, 0, 0, 54, 0, 0, 0, 0, 0, 0, 0, 255, 255, 0, 0, 0, 0, 0, 0, 54, 0, 0, 0, 0, 0, 0, 0, 255, 255, 0, 0, 0, 0, 0, 0, 54, 0, 0, 0, 0, 0, 0, 0, 255, 255, 0, 0, 0, 0, 0, 0, 54, 0, 0, 0, 0, 0, 0, 0, 255, 255, 0, 0, 0, 0, 0, 0, 54, 0, 0, 0, 0, 0, 0, 0, 255, 255, 0, 0, 0, 0, 0, 0, 54, 0, 0, 0, 0, 0, 0, 0, 255, 255, 0, 0, 0, 0, 0, 0, 54, 0, 0, 0, 0, 0, 0, 0, 255, 255, 0, 0, 0, 0, 0, 0, 54, 0, 0, 0, 0, 0, 0, 0, 255, 255, 0, 0, 0, 0, 0, 0, 54, 0, 0, 0, 0, 0, 0, 0, 255, 255, 0, 0, 0, 0, 0, 0, 54, 0, 0, 0, 0, 0, 0, 0, 255, 255, 0, 0, 0, 0, 0, 0, 54, 0, 0, 0, 0, 0, 0, 0, 255, 255, 0, 0, 0, 0, 0, 0, 54, 0, 0, 0, 0, 0, 0, 0, 255, 255, 0, 0, 0, 0, 0, 0, 58, 0, 0, 0, 0, 0, 0, 0, 255, 255, 0, 0, 0, 0, 0, 0, 58, 0, 0, 0, 0, 0, 0, 0, 255, 255, 0, 0, 0, 0, 0, 0, 58, 0, 0, 0, 0, 0, 0, 0, 255, 255, 0, 0, 0, 0, 0, 0, 58, 0, 0, 0, 0, 0, 0, 0, 255, 255, 0, 0, 0, 0, 0, 0, 58, 0, 0, 0, 0, 0, 0, 0, 255, 255, 0, 0, 0, 0, 0, 0, 58, 0, 0, 0, 0, 0, 0, 0, 255, 255, 0, 0, 0, 0, 0, 0, 58, 0, 0, 0, 0, 0, 0, 0, 255, 255, 0, 0, 0, 0, 0, 0, 58, 0, 0, 0, 0, 0, 0, 0, 255, 255, 0, 0, 0, 0, 0, 0, 58, 0, 0, 0, 0, 0, 0, 0, 255, 255, 0, 0, 0, 0, 0, 0, 58, 0, 0, 0, 0, 0, 0, 0, 255, 255, 0, 0, 0, 0, 0, 0, 58, 0, 0, 0, 0, 0, 0, 0, 255, 255, 0, 0, 0, 0, 0, 0, 58, 0, 0, 0, 0, 0, 0, 0, 255, 255, 0, 0, 0, 0, 0, 0, 58, 0, 0, 0, 0, 0, 0, 0, 255, 255, 0, 0, 0, 0, 0, 0, 58, 0, 0, 0, 0, 0, 0, 0, 255, 255, 0, 0, 0, 0, 0, 0, 54, 0, 0, 0, 0, 0, 0, 0, 255, 255, 0, 0, 0, 0, 0, 0, 54, 0, 0, 0, 0, 0, 0, 0, 255, 255, 0, 0, 0, 0, 0, 0, 54, 0, 0, 0, 0, 0, 0, 0, 255, 255, 0, 0, 0, 0, 0, 0, 54, 0, 0, 0, 0, 0, 0, 0, 255, 255, 0, 0, 0, 0, 0, 0, 54, 0, 0, 0, 0, 0, 0, 0, 255, 255, 0, 0, 0, 0, 0, 0, 54, 0, 0, 0, 0, 0, 0, 0, 255, 255, 0, 0, 0, 0, 0, 0, 54, 0, 0, 0, 0, 0, 0, 0, 255, 255, 0, 0, 0, 0, 0, 0, 54, 0, 0, 0, 0, 0, 0, 0, 255, 255, 0, 0, 0, 0, 0, 0, 54, 0, 0, 0, 0, 0, 0, 0, 255, 255, 0, 0, 0, 0, 0, 0, 54, 0, 0, 0, 0, 0, 0, 0, 255, 255, 0, 0, 0, 0, 0, 0, 54, 0, 0, 0, 0, 0, 0, 0, 255, 255, 0, 0, 0, 0, 0, 0, 54, 0, 0, 0, 0, 0, 0, 0, 255, 255, 0, 0, 0, 0, 0, 0, 54, 0, 0, 0, 0, 0, 0, 0, 255, 255, 0, 0, 0, 0, 0, 0, 54, 0, 0, 0, 0, 0, 0, 0, 255, 255, 0, 0, 0, 0, 0, 0, 54, 0, 0, 0, 0, 0, 0, 0, 255, 255, 0, 0, 0, 0, 0, 0, 54, 0, 0, 0, 0, 0, 0, 0, 255, 255, 0, 0, 0, 0, 0, 0),
"uv_scale": Vector4(0, 0, 0, 0),
"vertex_count": 110,
"vertex_data": PackedByteArray(137, 147, 34, 62, 28, 3, 234, 62, 37, 106, 210, 61, 137, 147, 34, 62, 28, 3, 234, 62, 37, 106, 210, 61, 137, 147, 34, 62, 28, 3, 234, 62, 37, 106, 210, 61, 137, 147, 34, 62, 28, 3, 234, 62, 37, 106, 210, 61, 67, 179, 37, 62, 91, 53, 255, 61, 8, 185, 251, 60, 67, 179, 37, 62, 91, 53, 255, 61, 8, 185, 251, 60, 67, 179, 37, 62, 91, 53, 255, 61, 8, 185, 251, 60, 67, 179, 37, 62, 91, 53, 255, 61, 8, 185, 251, 60, 76, 77, 103, 61, 204, 201, 221, 62, 164, 233, 166, 60, 76, 77, 103, 61, 204, 201, 221, 62, 164, 233, 166, 60, 120, 232, 195, 61, 139, 141, 3, 62, 172, 146, 188, 188, 120, 232, 195, 61, 139, 141, 3, 62, 172, 146, 188, 188, 216, 162, 217, 61, 238, 191, 192, 62, 197, 231, 217, 189, 216, 162, 217, 61, 238, 191, 192, 62, 197, 231, 217, 189, 60, 25, 245, 61, 7, 99, 12, 62, 60, 188, 228, 189, 60, 25, 245, 61, 7, 99, 12, 62, 60, 188, 228, 189, 106, 43, 95, 62, 176, 189, 229, 62, 27, 200, 240, 189, 106, 43, 95, 62, 176, 189, 229, 62, 27, 200, 240, 189, 6, 127, 77, 62, 222, 229, 13, 62, 52, 228, 230, 189, 6, 127, 77, 62, 222, 229, 13, 62, 52, 228, 230, 189, 225, 97, 132, 62, 86, 237, 238, 62, 104, 65, 143, 60, 225, 97, 132, 62, 86, 237, 238, 62, 104, 65, 143, 60, 40, 42, 104, 62, 116, 255, 5, 62, 40, 135, 202, 188, 40, 42, 104, 62, 116, 255, 5, 62, 40, 135, 202, 188, 104, 170, 34, 62, 143, 121, 129, 62, 127, 187, 8, 189, 104, 170, 34, 62, 143, 121, 129, 62, 127, 187, 8, 189, 104, 170, 34, 62, 143, 121, 129, 62, 127, 187, 8, 189, 104, 170, 34, 62, 143, 121, 129, 62, 127, 187, 8, 189, 104, 170, 34, 62, 143, 121, 129, 62, 127, 187, 8, 189, 104, 170, 34, 62, 143, 121, 129, 62, 127, 187, 8, 189, 104, 170, 34, 62, 143, 121, 129, 62, 127, 187, 8, 189, 104, 170, 34, 62, 143, 121, 129, 62, 127, 187, 8, 189, 104, 170, 34, 62, 143, 121, 129, 62, 127, 187, 8, 189, 104, 170, 34, 62, 143, 121, 129, 62, 127, 187, 8, 189, 127, 199, 94, 62, 66, 237, 91, 62, 144, 164, 140, 188, 60, 63, 71, 62, 214, 229, 98, 62, 119, 56, 194, 189, 99, 28, 252, 61, 129, 144, 97, 62, 105, 81, 192, 189, 130, 180, 208, 61, 247, 196, 89, 62, 58, 84, 128, 188, 156, 33, 36, 62, 6, 73, 86, 62, 188, 23, 2, 61, 156, 33, 36, 62, 6, 73, 86, 62, 188, 23, 2, 61, 137, 147, 34, 190, 28, 3, 234, 62, 37, 106, 210, 61, 137, 147, 34, 190, 28, 3, 234, 62, 37, 106, 210, 61, 137, 147, 34, 190, 28, 3, 234, 62, 37, 106, 210, 61, 137, 147, 34, 190, 28, 3, 234, 62, 37, 106, 210, 61, 67, 179, 37, 190, 91, 53, 255, 61, 8, 185, 251, 60, 67, 179, 37, 190, 91, 53, 255, 61, 8, 185, 251, 60, 67, 179, 37, 190, 91, 53, 255, 61, 8, 185, 251, 60, 67, 179, 37, 190, 91, 53, 255, 61, 8, 185, 251, 60, 76, 77, 103, 189, 204, 201, 221, 62, 164, 233, 166, 60, 76, 77, 103, 189, 204, 201, 221, 62, 164, 233, 166, 60, 120, 232, 195, 189, 139, 141, 3, 62, 172, 146, 188, 188, 120, 232, 195, 189, 139, 141, 3, 62, 172, 146, 188, 188, 216, 162, 217, 189, 238, 191, 192, 62, 197, 231, 217, 189, 216, 162, 217, 189, 238, 191, 192, 62, 197, 231, 217, 189, 60, 25, 245, 189, 7, 99, 12, 62, 60, 188, 228, 189, 60, 25, 245, 189, 7, 99, 12, 62, 60, 188, 228, 189, 106, 43, 95, 190, 176, 189, 229, 62, 27, 200, 240, 189, 106, 43, 95, 190, 176, 189, 229, 62, 27, 200, 240, 189, 6, 127, 77, 190, 222, 229, 13, 62, 52, 228, 230, 189, 6, 127, 77, 190, 222, 229, 13, 62, 52, 228, 230, 189, 225, 97, 132, 190, 86, 237, 238, 62, 104, 65, 143, 60, 225, 97, 132, 190, 86, 237, 238, 62, 104, 65, 143, 60, 40, 42, 104, 190, 116, 255, 5, 62, 40, 135, 202, 188, 40, 42, 104, 190, 116, 255, 5, 62, 40, 135, 202, 188, 104, 170, 34, 190, 143, 121, 129, 62, 127, 187, 8, 189, 104, 170, 34, 190, 143, 121, 129, 62, 127, 187, 8, 189, 104, 170, 34, 190, 143, 121, 129, 62, 127, 187, 8, 189, 104, 170, 34, 190, 143, 121, 129, 62, 127, 187, 8, 189, 104, 170, 34, 190, 143, 121, 129, 62, 127, 187, 8, 189, 104, 170, 34, 190, 143, 121, 129, 62, 127, 187, 8, 189, 104, 170, 34, 190, 143, 121, 129, 62, 127, 187, 8, 189, 104, 170, 34, 190, 143, 121, 129, 62, 127, 187, 8, 189, 104, 170, 34, 190, 143, 121, 129, 62, 127, 187, 8, 189, 104, 170, 34, 190, 143, 121, 129, 62, 127, 187, 8, 189, 127, 199, 94, 190, 66, 237, 91, 62, 144, 164, 140, 188, 60, 63, 71, 190, 214, 229, 98, 62, 119, 56, 194, 189, 99, 28, 252, 189, 129, 144, 97, 62, 105, 81, 192, 189, 130, 180, 208, 189, 247, 196, 89, 62, 58, 84, 128, 188, 156, 33, 36, 190, 6, 73, 86, 62, 188, 23, 2, 61, 156, 33, 36, 190, 6, 73, 86, 62, 188, 23, 2, 61, 137, 147, 34, 62, 28, 3, 234, 62, 37, 106, 210, 61, 137, 147, 34, 62, 28, 3, 234, 62, 37, 106, 210, 61, 76, 77, 103, 61, 204, 201, 221, 62, 164, 233, 166, 60, 120, 232, 195, 61, 139, 141, 3, 62, 172, 146, 188, 188, 120, 232, 195, 61, 139, 141, 3, 62, 172, 146, 188, 188, 216, 162, 217, 61, 238, 191, 192, 62, 197, 231, 217, 189, 216, 162, 217, 61, 238, 191, 192, 62, 197, 231, 217, 189, 60, 25, 245, 61, 7, 99, 12, 62, 60, 188, 228, 189, 60, 25, 245, 61, 7, 99, 12, 62, 60, 188, 228, 189, 106, 43, 95, 62, 176, 189, 229, 62, 27, 200, 240, 189, 6, 127, 77, 62, 222, 229, 13, 62, 52, 228, 230, 189, 6, 127, 77, 62, 222, 229, 13, 62, 52, 228, 230, 189, 40, 42, 104, 62, 116, 255, 5, 62, 40, 135, 202, 188, 156, 33, 36, 62, 6, 73, 86, 62, 188, 23, 2, 61, 137, 147, 34, 190, 28, 3, 234, 62, 37, 106, 210, 61, 76, 77, 103, 189, 204, 201, 221, 62, 164, 233, 166, 60, 76, 77, 103, 189, 204, 201, 221, 62, 164, 233, 166, 60, 120, 232, 195, 189, 139, 141, 3, 62, 172, 146, 188, 188, 120, 232, 195, 189, 139, 141, 3, 62, 172, 146, 188, 188, 216, 162, 217, 189, 238, 191, 192, 62, 197, 231, 217, 189, 60, 25, 245, 189, 7, 99, 12, 62, 60, 188, 228, 189, 106, 43, 95, 190, 176, 189, 229, 62, 27, 200, 240, 189, 106, 43, 95, 190, 176, 189, 229, 62, 27, 200, 240, 189, 6, 127, 77, 190, 222, 229, 13, 62, 52, 228, 230, 189, 6, 127, 77, 190, 222, 229, 13, 62, 52, 228, 230, 189, 40, 42, 104, 190, 116, 255, 5, 62, 40, 135, 202, 188, 40, 42, 104, 190, 116, 255, 5, 62, 40, 135, 202, 188, 156, 33, 36, 190, 6, 73, 86, 62, 188, 23, 2, 61, 156, 33, 36, 190, 6, 73, 86, 62, 188, 23, 2, 61, 156, 33, 36, 190, 6, 73, 86, 62, 188, 23, 2, 61, 210, 137, 64, 101, 102, 245, 100, 76, 210, 137, 64, 101, 46, 215, 150, 44, 147, 46, 113, 244, 255, 255, 255, 191, 147, 46, 113, 244, 255, 255, 255, 191, 127, 129, 127, 126, 11, 246, 98, 58, 127, 129, 127, 126, 26, 250, 180, 67, 150, 42, 53, 0, 255, 255, 255, 191, 150, 42, 53, 0, 255, 255, 255, 191, 222, 215, 91, 204, 255, 255, 255, 191, 94, 57, 95, 108, 41, 166, 239, 57, 231, 219, 249, 66, 255, 255, 255, 191, 71, 34, 87, 132, 199, 156, 250, 67, 46, 159, 75, 172, 255, 255, 255, 63, 182, 11, 213, 48, 15, 57, 109, 66, 10, 166, 6, 84, 255, 255, 255, 63, 138, 15, 193, 206, 155, 58, 5, 67, 171, 244, 37, 62, 22, 12, 83, 100, 248, 71, 117, 161, 177, 105, 244, 100, 197, 238, 28, 209, 150, 3, 39, 36, 132, 92, 109, 82, 255, 255, 255, 63, 200, 210, 128, 110, 3, 254, 89, 112, 23, 37, 89, 188, 255, 255, 255, 191, 211, 220, 169, 135, 253, 246, 79, 13, 112, 38, 32, 66, 255, 255, 255, 191, 254, 142, 236, 1, 255, 255, 255, 191, 254, 142, 236, 1, 255, 255, 255, 191, 254, 142, 236, 1, 255, 255, 255, 191, 254, 142, 236, 1, 255, 255, 255, 191, 254, 142, 236, 1, 255, 255, 255, 191, 132, 121, 202, 247, 255, 255, 255, 63, 132, 121, 202, 247, 255, 255, 255, 63, 132, 121, 202, 247, 240, 72, 252, 65, 132, 121, 202, 247, 255, 255, 255, 63, 132, 121, 202, 247, 255, 255, 255, 63, 204, 221, 251, 121, 204, 248, 33, 14, 183, 252, 139, 202, 98, 2, 235, 35, 219, 1, 53, 200, 73, 59, 118, 66, 227, 37, 20, 119, 19, 158, 37, 67, 115, 130, 56, 111, 71, 252, 130, 67, 115, 130, 56, 111, 179, 247, 40, 59, 107, 209, 113, 244, 255, 255, 255, 191, 107, 209, 113, 244, 255, 255, 255, 191, 44, 118, 64, 101, 152, 10, 154, 179, 44, 118, 64, 101, 208, 40, 104, 211, 104, 213, 53, 0, 255, 255, 255, 191, 104, 213, 53, 0, 255, 255, 255, 191, 127, 126, 127, 126, 243, 9, 156, 197, 127, 126, 127, 126, 228, 5, 74, 188, 160, 198, 95, 108, 213, 89, 15, 198, 32, 40, 91, 204, 255, 255, 255, 191, 183, 221, 87, 132, 55, 99, 4, 188, 23, 36, 249, 66, 255, 255, 255, 191, 72, 244, 213, 48, 239, 198, 145, 189, 208, 96, 75, 172, 255, 255, 255, 63, 116, 240, 193, 206, 99, 197, 249, 188, 244, 89, 6, 84, 255, 255, 255, 63, 6, 184, 117, 161, 77, 150, 10, 155, 83, 11, 37, 62, 232, 243, 171, 155, 122, 163, 109, 82, 255, 255, 255, 63, 57, 17, 28, 209, 104, 252, 215, 219, 231, 218, 89, 188, 255, 255, 255, 191, 54, 45, 128, 110, 251, 1, 165, 143, 142, 217, 32, 66, 255, 255, 255, 191, 43, 35, 169, 135, 1, 9, 175, 242, 122, 134, 202, 247, 255, 255, 255, 63, 122, 134, 202, 247, 255, 255, 255, 63, 122, 134, 202, 247, 14, 183, 2, 190, 122, 134, 202, 247, 255, 255, 255, 63, 122, 134, 202, 247, 255, 255, 255, 63, 0, 113, 236, 1, 255, 255, 255, 191, 0, 113, 236, 1, 255, 255, 255, 191, 0, 113, 236, 1, 255, 255, 255, 191, 0, 113, 236, 1, 255, 255, 255, 191, 0, 113, 236, 1, 255, 255, 255, 191, 50, 34, 251, 121, 50, 7, 221, 241, 71, 3, 139, 202, 156, 253, 19, 220, 35, 254, 53, 200, 181, 196, 136, 189, 27, 218, 20, 119, 235, 97, 217, 188, 139, 125, 56, 111, 183, 3, 124, 188, 139, 125, 56, 111, 75, 8, 214, 196, 249, 62, 39, 114, 46, 215, 150, 44, 109, 109, 221, 108, 46, 215, 150, 44, 118, 40, 167, 114, 41, 166, 239, 57, 251, 42, 77, 116, 199, 156, 250, 67, 9, 93, 238, 111, 199, 156, 250, 67, 171, 254, 165, 38, 15, 57, 109, 66, 29, 3, 104, 50, 15, 57, 109, 66, 58, 0, 195, 201, 155, 58, 5, 67, 58, 19, 71, 116, 155, 58, 5, 67, 107, 254, 91, 58, 22, 12, 83, 100, 193, 254, 226, 203, 150, 3, 39, 36, 49, 0, 51, 221, 150, 3, 39, 36, 13, 254, 203, 74, 253, 246, 79, 13, 100, 200, 244, 117, 71, 252, 130, 67, 132, 156, 42, 110, 208, 40, 104, 211, 164, 236, 218, 116, 213, 89, 15, 198, 236, 253, 219, 67, 213, 89, 15, 198, 189, 210, 88, 116, 55, 99, 4, 188, 216, 163, 191, 111, 55, 99, 4, 188, 198, 2, 24, 35, 239, 198, 145, 189, 77, 246, 88, 108, 99, 197, 249, 188, 98, 2, 232, 56, 232, 243, 171, 155, 120, 11, 195, 118, 232, 243, 171, 155, 231, 0, 134, 202, 104, 252, 215, 219, 155, 255, 211, 205, 104, 252, 215, 219, 160, 34, 48, 118, 1, 9, 175, 242, 81, 1, 166, 76, 1, 9, 175, 242, 210, 108, 158, 112, 183, 3, 124, 188, 74, 59, 167, 116, 183, 3, 124, 188, 204, 141, 59, 113, 75, 8, 214, 196)
}]
blend_shape_mode = 0

[sub_resource type="Skin" id="Skin_mg6qa"]
resource_name = "Skin"
bind_count = 61
bind/0/name = &"Root"
bind/0/bone = -1
bind/0/pose = Transform3D(1, 0, 0, 0, 1, 2.38419e-07, 0, -1.62921e-07, 1, 0, 0, 0)
bind/1/name = &"hips"
bind/1/bone = -1
bind/1/pose = Transform3D(1, 0, 0, 0, 0.976922, 0.213596, 0, -0.213596, 0.976922, 9.69889e-34, -0.871474, 0.269424)
bind/2/name = &"spine"
bind/2/bone = -1
bind/2/pose = Transform3D(1, 2.5193e-08, -2.37084e-07, 1.77636e-15, 0.994402, 0.105667, 2.38419e-07, -0.105667, 0.994402, -3.70008e-08, -1.05484, 0.155193)
bind/3/name = &"chest"
bind/3/bone = -1
bind/3/pose = Transform3D(1, -2.46268e-08, -2.37143e-07, 8.88178e-15, 0.994651, -0.103292, 2.38419e-07, 0.103292, 0.994651, 2.31609e-08, -1.20403, -0.0971437)
bind/4/name = &"neck"
bind/4/bone = -1
bind/4/pose = Transform3D(1, 6.70926e-08, -2.28784e-07, 2.84217e-14, 0.959588, 0.281407, 2.38419e-07, -0.281407, 0.959588, -1.1324e-07, -1.41594, 0.474964)
bind/5/name = &"head"
bind/5/bone = -1
bind/5/pose = Transform3D(1, -7.10543e-15, -4.23516e-22, 2.13163e-14, 1, 5.96046e-08, 6.35275e-22, 2.98023e-08, 1, 3.34703e-14, -1.60317, 0.0248241)
bind/6/name = &"jaw"
bind/6/bone = -1
bind/6/pose = Transform3D(1, -6.4776e-07, -3.0331e-07, -1.42109e-13, -0.424058, 0.905635, -7.15255e-07, -0.905635, -0.424058, 1.0496e-06, 0.677676, 1.46745)
bind/7/name = &"shoulder.R"
bind/7/bone = -1
bind/7/pose = Transform3D(-0.0356015, 0.0346362, -0.998766, -0.999366, -0.000611964, 0.0356017, 0.000621892, 0.9994, 0.0346362, -0.0812267, -0.0144846, -1.44265)
bind/8/name = &"upper_arm.R"
bind/8/bone = -1
bind/8/pose = Transform3D(-0.0186067, 0.968908, 0.24672, -0.999826, -0.0183701, -0.00326069, 0.00137296, -0.246738, 0.969081, -1.37763, -0.160569, 0.38217)
bind/9/name = &"forearm.R"
bind/9/bone = -1
bind/9/pose = Transform3D(-0.060843, -0.0727345, -0.995494, -0.996342, -0.0555162, 0.0649512, -0.0599903, 0.995805, -0.0690906, 0.0419311, -0.403392, -1.44605)
bind/10/name = &"hand.R"
bind/10/bone = -1
bind/10/pose = Transform3D(0.0915469, -0.849926, -0.518889, -0.980962, -0.16659, 0.0998004, -0.171265, 0.499874, -0.848996, 1.25405, -0.475847, -0.841636)
bind/11/name = &"palm.01.R"
bind/11/bone = -1
bind/11/pose = Transform3D(0.393925, -0.716597, 0.575596, -0.894392, -0.154502, 0.419752, -0.211862, -0.68016, -0.701782, 1.30237, -0.465074, 0.801101)
bind/12/name = &"f_index.01.R"
bind/12/bone = -1
bind/12/pose = Transform3D(0.210377, -0.969817, -0.123278, -0.950457, -0.232417, 0.206428, -0.228849, 0.0737427, -0.970665, 1.5303, -0.458659, -0.256211)
bind/13/name = &"f_index.02.R"
bind/13/bone = -1
bind/13/pose = Transform3D(0.213147, -0.335306, -0.917681, -0.601507, -0.785192, 0.147186, -0.769908, 0.520619, -0.369049, 0.687523, 0.56655, -1.36579)
bind/14/name = &"f_index.03.R"
bind/14/bone = -1
bind/14/pose = Transform3D(0.177163, -0.117406, -0.977154, -0.297406, -0.952829, 0.0605622, -0.93817, 0.279882, -0.203723, 0.362032, 1.0346, -1.19315)
bind/15/name = &"thumb.01.R"
bind/15/bone = -1
bind/15/pose = Transform3D(0.700047, -0.115833, 0.70464, -0.587964, -0.65349, 0.476707, 0.405256, -0.74802, -0.525579, 0.679914, 0.459216, 1.34458)
bind/16/name = &"thumb.02.R"
bind/16/bone = -1
bind/16/pose = Transform3D(0.550615, -0.544123, 0.633051, -0.800393, -0.55949, 0.21527, 0.237052, -0.62522, -0.743577, 1.14882, 0.136552, 1.05334)
bind/17/name = &"thumb.03.R"
bind/17/bone = -1
bind/17/pose = Transform3D(0.478736, -0.560421, 0.675825, -0.85007, -0.488354, 0.197205, 0.219524, -0.668909, -0.710191, 1.112, -0.0280997, 1.09695)
bind/18/name = &"palm.02.R"
bind/18/bone = -1
bind/18/pose = Transform3D(0.149728, -0.988555, 0.0184289, -0.975743, -0.144726, 0.164254, -0.159707, -0.0425756, -0.986246, 1.50622, -0.539966, -0.0689568)
bind/19/name = &"f_middle.01.R"
bind/19/bone = -1
bind/19/pose = Transform3D(0.093029, -0.450535, -0.887899, -0.924293, -0.370622, 0.0912177, -0.370171, 0.812193, -0.450906, 0.709563, -0.242725, -1.43967)
bind/20/name = &"f_middle.02.R"
bind/20/bone = -1
bind/20/pose = Transform3D(0.0346436, -0.0694131, -0.996986, -0.401879, -0.914343, 0.0496946, -0.915037, 0.398946, -0.0595718, 0.132753, 0.917841, -1.34067)
bind/21/name = &"f_middle.03.R"
bind/21/bone = -1
bind/21/pose = Transform3D(-0.0117896, -0.00559984, -0.999915, -0.292995, -0.956073, 0.00880879, -0.956041, 0.293075, 0.00963101, 0.00560653, 1.041, -1.23344)
bind/22/name = &"palm.03.R"
bind/22/bone = -1
bind/22/pose = Transform3D(0.0270612, -0.458703, -0.888178, -0.991551, -0.125076, 0.0343854, -0.126862, 0.879743, -0.458212, 0.647458, -0.579766, -1.34459)
bind/23/name = &"f_ring.01.R"
bind/23/bone = -1
bind/23/pose = Transform3D(0.0179357, -0.161873, -0.986649, -0.901067, -0.430277, 0.0542126, -0.433308, 0.888065, -0.153576, 0.222643, -0.140403, -1.60336)
bind/24/name = &"f_ring.02.R"
bind/24/bone = -1
bind/24/pose = Transform3D(-0.0634868, 0.0087779, -0.997944, -0.375282, -0.926777, 0.0157226, -0.924733, 0.375509, 0.0621324, -0.0835689, 0.960686, -1.31215)
bind/25/name = &"f_ring.03.R"
bind/25/bone = -1
bind/25/pose = Transform3D(-0.154968, 0.0311924, -0.987427, -0.0634459, -0.997752, -0.0215614, -0.985879, 0.0593072, 0.156599, -0.193306, 1.29874, -0.934543)
bind/26/name = &"palm.04.R"
bind/26/bone = -1
bind/26/pose = Transform3D(-0.0829771, 0.812034, -0.577681, -0.982368, -0.164102, -0.0895695, -0.167532, 0.560064, 0.811333, -1.22465, -0.519379, -0.886532)
bind/27/name = &"f_pinky.01.R"
bind/27/bone = -1
bind/27/pose = Transform3D(-0.0499715, 0.241518, -0.969109, -0.971426, -0.23717, -0.00901564, -0.232021, 0.940967, 0.246469, -0.417621, -0.472469, -1.49409)
bind/28/name = &"f_pinky.02.R"
bind/28/bone = -1
bind/28/pose = Transform3D(-0.200586, 0.0762678, -0.976703, -0.259356, -0.965528, -0.022131, -0.944721, 0.248875, 0.213452, -0.315645, 1.12175, -1.13633)
bind/29/name = &"f_pinky.03.R"
bind/29/bone = -1
bind/29/pose = Transform3D(-0.235877, 0.033567, -0.971203, -0.0869205, -0.996126, -0.0133179, -0.967887, 0.0812762, 0.237881, -0.286942, 1.29048, -0.925368)
bind/30/name = &"shoulder.L"
bind/30/bone = -1
bind/30/pose = Transform3D(-0.0356015, -0.0346363, 0.998766, 0.999366, -0.000611969, 0.0356017, -0.000621896, 0.9994, 0.0346362, 0.0812268, -0.0144846, -1.44265)
bind/31/name = &"upper_arm.L"
bind/31/bone = -1
bind/31/pose = Transform3D(-0.0186067, -0.968908, -0.24672, 0.999826, -0.0183701, -0.00326066, -0.00137296, -0.246738, 0.969081, 1.37763, -0.160569, 0.38217)
bind/32/name = &"forearm.L"
bind/32/bone = -1
bind/32/pose = Transform3D(-0.060843, 0.0727344, 0.995494, 0.996343, -0.0555162, 0.0649512, 0.0599903, 0.995805, -0.0690906, -0.0419311, -0.403392, -1.44605)
bind/33/name = &"hand.L"
bind/33/bone = -1
bind/33/pose = Transform3D(0.0915469, 0.849926, 0.518889, 0.980962, -0.16659, 0.0998004, 0.171265, 0.499874, -0.848996, -1.25405, -0.475848, -0.841636)
bind/34/name = &"palm.01.L"
bind/34/bone = -1
bind/34/pose = Transform3D(0.393925, 0.716597, -0.575597, 0.894392, -0.154502, 0.419752, 0.211862, -0.68016, -0.701781, -1.30237, -0.465074, 0.801101)
bind/35/name = &"f_index.01.L"
bind/35/bone = -1
bind/35/pose = Transform3D(0.210377, 0.969817, 0.123278, 0.950457, -0.232417, 0.206428, 0.228849, 0.0737425, -0.970665, -1.5303, -0.458659, -0.256211)
bind/36/name = &"f_index.02.L"
bind/36/bone = -1
bind/36/pose = Transform3D(0.213147, 0.335306, 0.917681, 0.601507, -0.785192, 0.147186, 0.769908, 0.520619, -0.36905, -0.687523, 0.56655, -1.36579)
bind/37/name = &"f_index.03.L"
bind/37/bone = -1
bind/37/pose = Transform3D(0.177163, 0.117406, 0.977154, 0.297406, -0.952828, 0.0605622, 0.93817, 0.279882, -0.203724, -0.362033, 1.0346, -1.19315)
bind/38/name = &"thumb.01.L"
bind/38/bone = -1
bind/38/pose = Transform3D(0.700047, 0.115834, -0.70464, 0.587964, -0.653489, 0.476707, -0.405256, -0.74802, -0.52558, -0.679915, 0.459215, 1.34458)
bind/39/name = &"thumb.02.L"
bind/39/bone = -1
bind/39/pose = Transform3D(0.550615, 0.544123, -0.63305, 0.800393, -0.55949, 0.21527, -0.237052, -0.62522, -0.743577, -1.14882, 0.136552, 1.05334)
bind/40/name = &"thumb.03.L"
bind/40/bone = -1
bind/40/pose = Transform3D(0.478737, 0.560421, -0.675825, 0.85007, -0.488354, 0.197205, -0.219524, -0.668909, -0.710191, -1.112, -0.0281, 1.09695)
bind/41/name = &"palm.02.L"
bind/41/bone = -1
bind/41/pose = Transform3D(0.149728, 0.988556, -0.0184289, 0.975743, -0.144726, 0.164254, 0.159707, -0.0425755, -0.986246, -1.50622, -0.539967, -0.0689569)
bind/42/name = &"f_middle.01.L"
bind/42/bone = -1
bind/42/pose = Transform3D(0.0930291, 0.450536, 0.887898, 0.924293, -0.370622, 0.0912177, 0.370171, 0.812193, -0.450906, -0.709564, -0.242725, -1.43967)
bind/43/name = &"f_middle.02.L"
bind/43/bone = -1
bind/43/pose = Transform3D(0.0346434, 0.0694132, 0.996986, 0.401879, -0.914343, 0.0496946, 0.915037, 0.398947, -0.0595716, -0.132753, 0.917841, -1.34067)
bind/44/name = &"f_middle.03.L"
bind/44/bone = -1
bind/44/pose = Transform3D(-0.0117898, 0.00559978, 0.999915, 0.292995, -0.956074, 0.00880876, 0.956041, 0.293075, 0.00963131, -0.00560625, 1.041, -1.23344)
bind/45/name = &"palm.03.L"
bind/45/bone = -1
bind/45/pose = Transform3D(0.0270612, 0.458703, 0.888177, 0.991551, -0.125076, 0.0343854, 0.126862, 0.879743, -0.458212, -0.647458, -0.579766, -1.34459)
bind/46/name = &"f_ring.01.L"
bind/46/bone = -1
bind/46/pose = Transform3D(0.0179357, 0.161873, 0.986648, 0.901067, -0.430277, 0.0542126, 0.433308, 0.888065, -0.153575, -0.222643, -0.140403, -1.60336)
bind/47/name = &"f_ring.02.L"
bind/47/bone = -1
bind/47/pose = Transform3D(-0.0634867, -0.00877782, 0.997944, 0.375282, -0.926777, 0.0157226, 0.924733, 0.375509, 0.0621323, 0.0835687, 0.960686, -1.31215)
bind/48/name = &"f_ring.03.L"
bind/48/bone = -1
bind/48/pose = Transform3D(-0.154968, -0.0311924, 0.987427, 0.0634461, -0.997752, -0.0215614, 0.985879, 0.0593072, 0.156599, 0.193306, 1.29874, -0.934543)
bind/49/name = &"palm.04.L"
bind/49/bone = -1
bind/49/pose = Transform3D(-0.0829772, -0.812034, 0.577681, 0.982368, -0.164102, -0.0895694, 0.167532, 0.560064, 0.811333, 1.22465, -0.519379, -0.886532)
bind/50/name = &"f_pinky.01.L"
bind/50/bone = -1
bind/50/pose = Transform3D(-0.0499715, -0.241518, 0.969109, 0.971426, -0.23717, -0.00901566, 0.232021, 0.940967, 0.246469, 0.417621, -0.472469, -1.49409)
bind/51/name = &"f_pinky.02.L"
bind/51/bone = -1
bind/51/pose = Transform3D(-0.200586, -0.0762678, 0.976703, 0.259356, -0.965528, -0.0221311, 0.944721, 0.248875, 0.213453, 0.315645, 1.12175, -1.13633)
bind/52/name = &"f_pinky.03.L"
bind/52/bone = -1
bind/52/pose = Transform3D(-0.235877, -0.033567, 0.971203, 0.0869204, -0.996126, -0.0133181, 0.967887, 0.0812762, 0.237881, 0.286942, 1.29048, -0.925368)
bind/53/name = &"thigh.R"
bind/53/bone = -1
bind/53/pose = Transform3D(0.998437, -0.055727, 0.00427263, -0.0558908, -0.995516, 0.0763194, 1.45332e-06, -0.0764397, -0.997071, 0.167517, 0.94917, 0.0522531)
bind/54/name = &"shin.R"
bind/54/bone = -1
bind/54/pose = Transform3D(0.998545, -0.0536588, -0.00533536, -0.0536954, -0.980359, -0.189773, 0.00495347, 0.189783, -0.981811, 0.166698, 0.462978, -0.074257)
bind/55/name = &"foot.R"
bind/55/bone = -1
bind/55/pose = Transform3D(1, 1.18632e-06, 5.93187e-07, -7.90299e-07, -0.530001, 0.847994, 1.81591e-06, -0.847997, -0.530001, 0.16315, 0.0929053, 0.0323587)
bind/56/name = &"toe.R"
bind/56/bone = -1
bind/56/pose = Transform3D(-1, 4.63485e-07, 2.08785e-13, -1.03942e-06, 4.47034e-07, 0.999997, 5.28779e-07, 1, 3.27825e-07, -0.16315, -0.037006, -0.0150298)
bind/57/name = &"thigh.L"
bind/57/bone = -1
bind/57/pose = Transform3D(0.998437, 0.055727, -0.00427263, 0.0558908, -0.995516, 0.0763194, -1.45332e-06, -0.0764397, -0.997071, -0.167517, 0.94917, 0.0522531)
bind/58/name = &"shin.L"
bind/58/bone = -1
bind/58/pose = Transform3D(0.998545, 0.0536588, 0.00533536, 0.0536954, -0.980359, -0.189773, -0.00495347, 0.189783, -0.981811, -0.166698, 0.462978, -0.074257)
bind/59/name = &"foot.L"
bind/59/bone = -1
bind/59/pose = Transform3D(1, -1.18632e-06, -5.93187e-07, 7.90299e-07, -0.530001, 0.847994, -1.81591e-06, -0.847997, -0.530001, -0.16315, 0.0929053, 0.0323587)
bind/60/name = &"toe.L"
bind/60/bone = -1
bind/60/pose = Transform3D(-1, -4.63485e-07, -2.08785e-13, 1.03942e-06, 4.47034e-07, 0.999997, -5.28779e-07, 1, 3.27825e-07, 0.16315, -0.037006, -0.0150298)

[resource]
resource_name = "boots of wading"
script = ExtResource("1_o1j52")
mesh = SubResource("ArrayMesh_e524d")
skin = SubResource("Skin_mg6qa")
materials = Array[Material]([ExtResource("1_5javx")])
tags = Array[String]([])
bones = Array[String]([])
